# Camera parameter file. 

# The format of each camera is as follows:
# Filename (of the undistorted image in visualize folder)
# Original filename
# Focal Length (of the undistorted image)
# 2-vec Principal Point (image center)
# 3-vec Translation T (as in P = K[R T])
# 3-vec Camera Position C (as in P = K[R -RC])
# 3-vec Axis Angle format of R
# 4-vec Quaternion format of R
# 3x3 Matrix format of R
# [Normalized radial distortion] = [radial distortion] * [focal length]^2
# 3-vec Lat/Lng/Alt from EXIF

# The nubmer of cameras in this reconstruction
5

00000000.jpg
D:\document\project\3dSurface2\code\expr12\sfm_images\1.jpg
1408.3347168
640 480
-0.0800453917917 -0.0167564273222 -0.45312776485
0.159103982126 0.0187173548027 0.431680897634
0.00600790168733 -0.177993580981 0.00587236041071
0.996033588051 0.00299997815696 -0.0888790933694 0.00293229714445
0.984183816791 -0.00637460356948 -0.177035530888
0.00530806221461 0.999964803529 -0.00649739783888
0.177070718198 0.00545491819212 0.984183013786
0.0168493872524
0 0 0

00000001.jpg
D:\document\project\3dSurface2\code\expr12\sfm_images\2.jpg
1408.46435547
640 480
-1.04224897364 -0.00879655244029 -0.329714872877
1.04224897364 0.00879655244029 0.329714872877
0 0 0
1 0 0 0
1 0 0
0 1 0
0 0 1
0.0120737466798
0 0 0

00000002.jpg
D:\document\project\3dSurface2\code\expr12\sfm_images\3.jpg
1410.04956055
640 480
-2.05346228729 0.0106968175412 0.117401531444
2.04307858704 -0.000291841639349 0.237559905766
0.00320359287767 0.172857308733 -0.00497324722804
0.996262999179 0.00159980063643 0.0863209662033 -0.00248352533681
0.985085045791 0.00522468147452 0.171988823073
-0.00467229612784 0.99998254548 -0.0036164049736
-0.172004715654 0.00275888374694 0.985092262863
0.0215110642744
0 0 0

00000003.jpg
D:\document\project\3dSurface2\code\expr12\sfm_images\4.jpg
1411.99487305
640 480
-2.93332597724 0.0180429479557 0.339060819581
2.86000598671 0.0086044281003 0.734833855997
0.00605351226961 0.366560857681 -0.00868245440803
0.983237180944 0.0030098248373 0.182255180909 -0.00431694291877
0.933528826072 0.00958626991195 0.358374154094
-0.00739204523105 0.999944609917 -0.00749231380159
-0.358426127062 0.00434517295106 0.933547979973
0.0204695424743
0 0 0

00000004.jpg
D:\document\project\3dSurface2\code\expr12\sfm_images\0.jpg
1407.27893066
640 480
0.750726778215 -0.0155462511416 -0.2485792288
-0.623834567026 0.025449403598 0.485599397945
0.00647557668945 -0.341693244319 0.0108097975637
0.985421428561 0.00322203888979 -0.17001557921 0.00537860793121
0.942131546805 -0.0116959846386 -0.335039329717
0.00950479740631 0.999921378084 -0.00817902661685
0.335108650053 0.00452123804578 0.942168642583
0.020103672213
0 0 0

