# Camera parameter file. 

# The format of each camera is as follows:
# Filename (of the undistorted image in visualize folder)
# Original filename
# Focal Length (of the undistorted image)
# 2-vec Principal Point (image center)
# 3-vec Translation T (as in P = K[R T])
# 3-vec Camera Position C (as in P = K[R -RC])
# 3-vec Axis Angle format of R
# 4-vec Quaternion format of R
# 3x3 Matrix format of R
# [Normalized radial distortion] = [radial distortion] * [focal length]^2
# 3-vec Lat/Lng/Alt from EXIF

# The nubmer of cameras in this reconstruction
5

00000000.jpg
E:\japan\research\3dsurface2\3dSurface2\expr12\sfm_images\1.jpg
1408.3347168
640 480
-0.0800453595576 -0.0167564291869 -0.453127735702
0.159103982126 0.0187173548027 0.431680897634
0.00600790160007 -0.177993578396 0.00587236032541
0.996033566372 0.00299997809166 -0.0888790914349 0.00293229708063
0.98418357844 -0.00637460416711 -0.177035517684
0.00530806110841 0.999964935771 -0.00649739884555
0.177070715987 0.00545491666516 0.984182947147
0.0168493872524
0 0 0

00000001.jpg
E:\japan\research\3dsurface2\3dSurface2\expr12\sfm_images\2.jpg
1408.46435547
640 480
-1.04224844641 -0.00879655105855 -0.329714872629
1.04224897364 0.00879655244029 0.329714872877
0 0 0
0.999999911479 0 0 0
0.999999478283 -6.78558008393e-010 5.01388997265e-008
-6.78558008393e-010 0.999999972754 -1.31886416371e-009
5.01388997265e-008 -1.31886416371e-009 0.999999840791
0.0120737466798
0 0 0

00000002.jpg
E:\japan\research\3dsurface2\3dSurface2\expr12\sfm_images\3.jpg
1410.04956055
640 480
-2.05346140153 0.0106968156177 0.117401396591
2.04307858704 -0.000291841639349 0.237559905766
0.0032035926324 0.172857295499 -0.00497324684728
0.996262884883 0.00159980045289 0.0863209563001 -0.00248352505189
0.985084610573 0.00522468017381 0.17198883748
-0.00467229515768 0.999982304812 -0.00361640551582
-0.172004622318 0.00275888174189 0.985092027799
0.0215110642744
0 0 0

00000003.jpg
E:\japan\research\3dsurface2\3dSurface2\expr12\sfm_images\4.jpg
1411.99487305
640 480
-2.93332529046 0.0180429517199 0.339060784666
2.86000598671 0.0086044281003 0.734833855997
0.00605351230244 0.36656085967 -0.00868245445512
0.983237188908 0.00300982486168 0.182255182385 -0.00431694295374
0.933528579379 0.00958626846167 0.358374179643
-0.00739204695637 0.999944925964 -0.00749231590978
-0.358426113126 0.00434517103463 0.933547973267
0.0204695424743
0 0 0

00000004.jpg
E:\japan\research\3dsurface2\3dSurface2\expr12\sfm_images\0.jpg
1407.27893066
640 480
0.75072650853 -0.0155462502965 -0.248579171237
-0.623834567026 0.025449403598 0.485599397945
0.00647557633176 -0.341693225444 0.0108097969666
0.985421347233 0.00322203862387 -0.170015565178 0.0053786074873
0.94213117378 -0.0116959838237 -0.335039253608
0.00950479472174 0.999921272749 -0.00817902628546
0.335108615544 0.00452123628082 0.942168479803
0.020103672213
0 0 0

