# Camera parameter file. 

# The format of each camera is as follows:
# Filename (of the undistorted image in visualize folder)
# Original filename
# Focal Length (of the undistorted image)
# 2-vec Principal Point (image center)
# 3-vec Translation T (as in P = K[R T])
# 3-vec Camera Position C (as in P = K[R -RC])
# 3-vec Axis Angle format of R
# 4-vec Quaternion format of R
# 3x3 Matrix format of R
# [Normalized radial distortion] = [radial distortion] * [focal length]^2
# 3-vec Lat/Lng/Alt from EXIF

# The nubmer of cameras in this reconstruction
5

00000000.jpg
D:\document\project\3dSurface2\code\expr12\sfm_images\0.jpg
1539.36987305
640 480
0.00214187302869 -0.00811848883472 0.00240116495746
-0.00295001299632 0.0080254485394 -0.00177557542393
-0.000342538036976 -0.243392263229 -0.036640760677
0.99243677294 -0.000170837018226 -0.121389171481 -0.0182741699428
0.969861519095 0.0363133803516 -0.240935916436
-0.0362304526331 0.99933206603 0.00477565807647
0.240948394022 0.0040974783202 0.970529408006
0.00786324113214
0 0 0

00000001.jpg
D:\document\project\3dSurface2\code\expr12\sfm_images\1.jpg
1534.27160645
640 480
-0.990028957212 -0.0212707252046 0.104224391299
0.967940995098 0.0408836783521 -0.229981301501
-0.000311683930235 -0.128285814477 -0.0199526001669
0.997893814929 -0.000155732539074 -0.0640978686345 -0.00996929512142
0.991584087793 0.0199165337036 -0.127922605883
-0.0198766580598 0.999801274611 0.00158880890988
0.127928860759 0.000967190759777 0.991782901091
-0.00363293017904
0 0 0

00000002.jpg
D:\document\project\3dSurface2\code\expr12\sfm_images\2.jpg
1535.58544922
640 480
-2.03950985175 -0.0622553665705 0.388957028225
2.03950973739 0.0622554389345 -0.38895696556
0 0 0
1.00000004893 0 0 0
1.0000000575 -4.93040778204e-008 -3.79716535992e-010
-4.93040778204e-008 1.00000018178 -4.3385395207e-008
-3.79716535992e-010 -4.3385395207e-008 1.00000015218
-0.0103869231814
0 0 0

00000003.jpg
D:\document\project\3dSurface2\code\expr12\sfm_images\3.jpg
1535.57751465
640 480
-3.38266108627 -0.143494098307 0.920209977121
3.49993373198 0.0397577665172 -0.242183314833
0.00270638166753 0.196449947734 0.0295882634962
0.995069675343 0.00135096621189 0.0980634937419 0.0147698104564
0.980330948761 -0.0291290505911 0.195199920555
0.0296589113917 0.999560143158 0.000208127127389
-0.195120114967 0.00558534916686 0.980763543226
-0.0186787241579
0 0 0

00000004.jpg
D:\document\project\3dSurface2\code\expr12\sfm_images\4.jpg
1554.52807617
640 480
-4.71440637304 -0.209650215987 1.52944889251
4.9607132878 -0.0104664559407 0.00127852382151
0.00802558959373 0.313935094985 0.0438521176733
0.987458515841 0.00399600526141 0.156310795195 0.0218343201954
0.950180537781 -0.0418717656851 0.308875334475
0.0443701759731 0.999014643456 -0.00106591266084
-0.308526368856 0.014717645038 0.951102100787
-0.0152605760765
0 0 0

