# Camera parameter file. 

# The format of each camera is as follows:
# Filename (of the undistorted image in visualize folder)
# Original filename
# Focal Length (of the undistorted image)
# 2-vec Principal Point (image center)
# 3-vec Translation T (as in P = K[R T])
# 3-vec Camera Position C (as in P = K[R -RC])
# 3-vec Axis Angle format of R
# 4-vec Quaternion format of R
# 3x3 Matrix format of R
# [Normalized radial distortion] = [radial distortion] * [focal length]^2
# 3-vec Lat/Lng/Alt from EXIF

# The nubmer of cameras in this reconstruction
5

00000000.jpg
D:\document\project\3dSurface2\code\expr13\sfm_images\1.jpg
1489.41235352
640 480
-0.0351564966644 -0.0234227250198 -0.29889701119
0.0720640536619 0.0237302365032 0.292177439847
-0.00263690705782 -0.126329071408 -0.0202647889423
0.997953645074 -0.00131755406487 -0.0631214441371 -0.010125482036
0.991826276847 0.0203758581675 -0.125957874523
-0.0200431886564 0.999791633578 0.0039079900368
0.126011226513 -0.00135144148967 0.992028000443
0.0128335430332
0 0 0

00000001.jpg
D:\document\project\3dSurface2\code\expr13\sfm_images\2.jpg
1460.1484375
640 480
-0.978216825008 -0.0278890320647 -0.2973998616
0.978216961642 0.0278890384243 0.297399812814
0 0 0
1.00000000823 0 0 0
0.999999856723 -1.17252027532e-008 1.2943297989e-008
-1.17252027532e-008 1.00000008847 8.88668366672e-009
1.2943297989e-008 8.88668366672e-009 1.00000012063
-0.00851778303663
0 0 0

00000002.jpg
D:\document\project\3dSurface2\code\expr13\sfm_images\4.jpg
1397.30908203
640 480
-3.38446402901 -0.0772928028444 0.0486703083394
3.2461689235 -0.0711727624183 0.959302019886
0.0155602092384 0.301678807351 0.0465695664583
0.988345123329 0.00774985568231 0.150252942204 0.0231942523208
0.953772196949 -0.0435189967052 0.297363072373
0.0481767079769 0.998804102488 -0.00834907273404
-0.296643978401 0.0222890555464 0.954728031795
-0.0266664071116
0 0 0

00000003.jpg
D:\document\project\3dSurface2\code\expr13\sfm_images\0.jpg
1539.10559082
640 480
0.862886181208 -0.0376060097567 -0.076414493384
-0.820111646287 0.00578794074114 0.281441478298
-0.00466882813562 -0.242303665823 -0.0366289668956
0.992500103256 -0.00232857518983 -0.120848805793 -0.0182686749361
0.970123658214 0.0368261348295 -0.239799828593
-0.0357005122121 0.999321780669 0.00903771782578
0.239969980317 -0.000206726639603 0.970780380971
0.0417669309312
0 0 0

00000004.jpg
D:\document\project\3dSurface2\code\expr13\sfm_images\3.jpg
1442.41345215
640 480
-2.24322179689 -0.0603003473163 -0.0552124416166
2.19006528085 -0.00719907686304 0.492230816429
0.0057055901822 0.19656993384 0.0310551022086
0.995049509359 0.00284808595714 0.0981227270603 0.0155019196391
0.980263198745 -0.03029144635 0.195362268202
0.031409263774 0.999503216847 -0.00262578092656
-0.195185617471 0.00871016521052 0.980727688714
-0.0218105304395
0 0 0

