# Camera parameter file. 

# The format of each camera is as follows:
# Filename (of the undistorted image in visualize folder)
# Original filename
# Focal Length (of the undistorted image)
# 2-vec Principal Point (image center)
# 3-vec Translation T (as in P = K[R T])
# 3-vec Camera Position C (as in P = K[R -RC])
# 3-vec Axis Angle format of R
# 4-vec Quaternion format of R
# 3x3 Matrix format of R
# [Normalized radial distortion] = [radial distortion] * [focal length]^2
# 3-vec Lat/Lng/Alt from EXIF

# The nubmer of cameras in this reconstruction
5

00000000.jpg
E:\japan\research\3dsurface2\3dSurface2\expr11\sfm_images\1.jpg
1519.19006348
640 480
0.0056249450133 -0.00960511479257 -0.0668539989442
0.00678802605883 0.00998414594762 0.066690293506
0.00570455050614 -0.184626380089 0.00507733367208
0.995734864376 0.00284821898526 -0.0921819099302 0.00253505655595
0.982991990021 -0.00557359625315 -0.183563034666
0.00452338053053 0.999970959956 -0.00613951473906
0.183591931663 0.00520476904095 0.982988730561
0.0142066065944
0 0 0

00000001.jpg
E:\japan\research\3dsurface2\3dSurface2\expr11\sfm_images\2.jpg
1526.76831055
640 480
-1.00923932135 -0.00154395137111 0.0724165377312
1.00923971322 0.00154394939571 -0.0724165980329
0 0 0
0.999999935608 0 0 0
0.999999615649 2.05508346451e-009 5.4822428236e-008
2.05508346451e-009 0.999999937887 3.83651999059e-011
5.4822428236e-008 3.83651999059e-011 0.999999931332
0.00597381081863
0 0 0

00000002.jpg
E:\japan\research\3dsurface2\3dSurface2\expr11\sfm_images\0.jpg
1525.10742188
640 480
0.881560892169 -0.00531833821088 0.196819421789
-0.894989364009 0.0134985487389 0.121358061356
0.0067060346883 -0.354504781811 0.00939719297183
0.984315289165 0.00333546857562 -0.176324700751 0.00467400532707
0.937775395301 -0.0103776413608 -0.347086991808
0.00802513825945 0.999934041105 -0.00821459061425
0.347149403419 0.00491802024782 0.937796917533
0.0239762767969
0 0 0

00000003.jpg
E:\japan\research\3dsurface2\3dSurface2\expr11\sfm_images\3.jpg
1572.17626953
640 480
-2.10414992212 0.0217619290614 0.704508170527
2.19545697898 -0.0140163393485 -0.322531018988
0.00444783822627 0.177177426155 -0.00465593406931
0.996073388516 0.00222100752833 0.0884727315431 -0.00232491922892
0.984334182317 0.00502457812954 0.176240418916
-0.00423858256795 0.999979308753 -0.00483595641809
-0.176260915081 0.00401318956057 0.984335290167
-0.0071471209024
0 0 0

00000004.jpg
E:\japan\research\3dsurface2\3dSurface2\expr11\sfm_images\4.jpg
1576.96936035
640 480
-3.06415182741 0.0353883137649 0.953354599457
3.19757070277 -0.0157723232504 0.27287817877
0.00885149575647 0.38669075713 -0.00714894575811
0.98135078569 0.00439820127981 0.192141964443 -0.00355222475926
0.926137414141 0.00866211664796 0.37708616856
-0.00528179758585 0.999936064477 -0.00999741980126
-0.377148502519 0.00726729332501 0.926123979682
-0.00301490458507
0 0 0

