# Camera parameter file. 

# The format of each camera is as follows:
# Filename (of the undistorted image in visualize folder)
# Original filename
# Focal Length (of the undistorted image)
# 2-vec Principal Point (image center)
# 3-vec Translation T (as in P = K[R T])
# 3-vec Camera Position C (as in P = K[R -RC])
# 3-vec Axis Angle format of R
# 4-vec Quaternion format of R
# 3x3 Matrix format of R
# [Normalized radial distortion] = [radial distortion] * [focal length]^2
# 3-vec Lat/Lng/Alt from EXIF

# The nubmer of cameras in this reconstruction
7

00000002.jpg
E:\japan\research\3dsurface2\3dSurface2\expr4\sfm_images\1.jpg
884.477539063
400 300
-0.754555509233 -0.00365680705122 -0.0791867305371
0.744791419564 0 -0.144650748403
0.0816745508342 -0.296030562317 0.00127342416947
0.988234772005 0.0406769961626 -0.147434346738 0.000634213099746
0.956525272224 -0.0132478750918 -0.29134791454
-0.0107408693397 0.996689732452 -0.0805838511224
0.291451077599 0.0802098369921 0.953216853721
0.00700231212793
0 0 0

00000003.jpg
E:\japan\research\3dsurface2\3dSurface2\expr4\sfm_images\3.jpg
890.236572266
400 300
-1.7230823469 0.0253148865213 0.513785436568
1.72361781388 -0.0172037207051 -0.512324657947
0.0408199010727 0.000344045664331 -0.0168582771811
0.999756142834 0.0204082914718 0.000172008848938 -0.00842845341079
0.999857616171 0.0168598223215 0
-0.0168457699666 0.999024865481 -0.0408095279438
-0.00068786761339 0.040803731111 0.999166898883
0.0216285819544
0 0 0

00000005.jpg
E:\japan\research\3dsurface2\3dSurface2\expr4\sfm_images\5.jpg
898.343811035
400 300
-2.35163473312 -0.142952153185 1.02484027559
2.55176942284 0.000659133127966 -0.298986544178
0.0946391894735 0.296415025842 0.032013676499
0.987794449334 0.0471269170548 0.14760403607 0.0159416610115
0.955917676413 -0.0175819314385 0.293107422974
0.0454064056028 0.99504985743 -0.0883973073564
-0.290102367142 0.0978095209676 0.9519839627
0.0255919150904
0 0 0

