# Camera parameter file. 

# The format of each camera is as follows:
# Filename (of the undistorted image in visualize folder)
# Original filename
# Focal Length (of the undistorted image)
# 2-vec Principal Point (image center)
# 3-vec Translation T (as in P = K[R T])
# 3-vec Camera Position C (as in P = K[R -RC])
# 3-vec Axis Angle format of R
# 4-vec Quaternion format of R
# 3x3 Matrix format of R
# [Normalized radial distortion] = [radial distortion] * [focal length]^2
# 3-vec Lat/Lng/Alt from EXIF

# The nubmer of cameras in this reconstruction
4

00000000.jpg
D:\document\project\3dSurface2\code\expr4\sfm_images\4.jpg
960.682922363
400 300
0.0188643509352 -0.0259313874973 0.00395150970967
-0.0171170125669 0.0263703651193 -0.00745161952591
0.0522442953013 0.118311617407 0.0409200958064
0.997700695687 0.0261021236577 0.0591104626809 0.020444364206
0.992175990566 -0.0377088912375 0.119016383328
0.0438805343274 0.997801489521 -0.0496672647208
-0.116881815628 0.0545011630082 0.99164923261
-0.0343277301385
0 0 0

00000001.jpg
D:\document\project\3dSurface2\code\expr4\sfm_images\3.jpg
969.509765625
400 300
0.96633094634 -1.27820088819e-005 0.250868895982
-0.966330870288 1.27836770751e-005 -0.250868904077
0 0 0
0.999999993427 0 0 0
1.00000007472 2.1965022301e-009 1.53191747065e-008
2.1965022301e-009 0.999999963965 -1.81296005985e-009
1.53191747065e-008 -1.81296005985e-009 0.999999908724
-0.0138292475207
0 0 0

00000002.jpg
D:\document\project\3dSurface2\code\expr4\sfm_images\2.jpg
975.700561523
400 300
2.41228954155 0.0349429737987 0.0860944646958
-2.3732337356 0.0151748638305 0.441932622111
0.0365122238071 -0.219607744799 0.0181435043582
0.993770238699 0.0182181857288 -0.109575760254 0.00905290606006
0.975822492811 -0.0219855619942 -0.21745634728
0.0140004724707 0.999172171849 -0.0381933376795
0.218116170414 0.0342254254421 0.975322484635
-0.0029204297503
0 0 0

00000003.jpg
D:\document\project\3dSurface2\code\expr4\sfm_images\1.jpg
975.67755127
400 300
3.48501968214 -0.00227589979189 0.495786526403
-3.46036225911 0.0493548595623 0.643917113124
0.034340712791 -0.325505944536 0.0127030617817
0.986618104437 0.0170936972097 -0.162026341436 0.00632317369339
0.947414945829 -0.0180163741581 -0.319500072395
0.00693785641554 0.999335615727 -0.0357789414335
0.319932415033 0.0316808631219 0.946910574459
0.00797154249962
0 0 0

