# Camera parameter file. 

# The format of each camera is as follows:
# Filename (of the undistorted image in visualize folder)
# Original filename
# Focal Length (of the undistorted image)
# 2-vec Principal Point (image center)
# 3-vec Translation T (as in P = K[R T])
# 3-vec Camera Position C (as in P = K[R -RC])
# 3-vec Axis Angle format of R
# 4-vec Quaternion format of R
# 3x3 Matrix format of R
# [Normalized radial distortion] = [radial distortion] * [focal length]^2
# 3-vec Lat/Lng/Alt from EXIF

# The nubmer of cameras in this reconstruction
7

00000000.jpg
E:\japan\research\3dsurface2\3dSurface2\expr4\sfm_images\0.jpg
966.094787598
400 300
-0.0564642535904 -0.00404317946408 0.0331805463516
0.0330732418811 0 -0.056671582532
0.0902275181285 -0.508911875329 -0.00225152445858
0.966793258882 0.0446132844526 -0.251633101811 -0.0011132734581
0.873359128365 -0.0202997472384 -0.486653709968
-0.0246049683367 0.99601679328 -0.0857033687141
0.486455036203 0.0868239219476 0.869380900036
-0.0894166523801
0 0 0

00000001.jpg
E:\japan\research\3dsurface2\3dSurface2\expr4\sfm_images\2.jpg
979.121276855
400 300
-0.962801387609 -0.0239523591205 0.241520245004
0.88910247013 -0.00845698833367 -0.441947456744
0.086662995769 -0.214761744974 0.00286047824066
0.993302327079 0.0432347145532 -0.107141031285 0.00142704460102
0.977037490997 -0.0120993983307 -0.212723515091
-0.00642945143852 0.996257497571 -0.0861960799391
0.212970227713 0.0855844903663 0.973303063356
-0.0620146481809
0 0 0

00000002.jpg
E:\japan\research\3dsurface2\3dSurface2\expr4\sfm_images\1.jpg
967.760253906
400 300
-0.576579620584 -0.0184433172862 0.179967353582
0.490498618804 -0.00499424600676 -0.352928681563
0.0874626060071 -0.320094897805 -0.000153939195927
0.986267699502 0.043530942011 -0.159314169455 -7.66169511412e-005
0.949237937079 -0.0137190626164 -0.314259545769
-0.014021321913 0.996210043573 -0.0858419163219
0.314246131857 0.0858907318156 0.945447919676
-0.080132914262
0 0 0

00000003.jpg
E:\japan\research\3dsurface2\3dSurface2\expr4\sfm_images\3.jpg
1005.309021
400 300
-1.40701313432 0.0153963989933 0.791246864988
1.4078548888 -0.0257651296079 -0.789477636133
0.0501944158297 0.000522781385259 -0.0208220015757
0.999630870399 0.0250941197981 0.00026135852949 -0.0104097197535
0.999783216867 0.0208248627378 5.55111512313e-017
-0.0207986461332 0.998524030486 -0.0501751739313
-0.00104504821728 0.0501642533313 0.998740260864
-0.0670124552326
0 0 0

00000004.jpg
E:\japan\research\3dsurface2\3dSurface2\expr4\sfm_images\4.jpg
999.294494629
400 300
-1.66985563066 -0.1077085356 0.902696630124
1.76548916624 5.20417042793e-018 -0.705640762765
0.09735958908 0.117549514506 0.0170016261946
0.997053223936 0.0486319689887 0.0587170138874 0.00849246145824
0.992960250185 -0.0112238240431 0.11791401226
0.0226459202613 0.995125634945 -0.0959800117752
-0.116261939726 0.0979746340912 0.988374640318
-0.0849489494898
0 0 0

00000005.jpg
E:\japan\research\3dsurface2\3dSurface2\expr4\sfm_images\5.jpg
1014.79852295
400 300
-1.92139088953 -0.140422706617 1.21621787111
2.20230256056 0.000465941050396 -0.583532473355
0.09412080831 0.307404261862 0.0262115592441
0.987022786084 0.0468566565125 0.153036678787 0.0130490382543
0.952819010518 -0.0114178198343 0.303324228107
0.0401009725394 0.995268328492 -0.0885032077901
-0.300878528172 0.0964911428401 0.948768581986
-0.0573456682284
0 0 0

