# Camera parameter file. 

# The format of each camera is as follows:
# Filename (of the undistorted image in visualize folder)
# Original filename
# Focal Length (of the undistorted image)
# 2-vec Principal Point (image center)
# 3-vec Translation T (as in P = K[R T])
# 3-vec Camera Position C (as in P = K[R -RC])
# 3-vec Axis Angle format of R
# 4-vec Quaternion format of R
# 3x3 Matrix format of R
# [Normalized radial distortion] = [radial distortion] * [focal length]^2
# 3-vec Lat/Lng/Alt from EXIF

# The nubmer of cameras in this reconstruction
7

00000000.jpg
E:\japan\research\3dsurface2\3dSurface2\expr4\sfm_images\0.jpg
875.485656738
400 300
-0.146534898536 0.0212984200497 -0.281745764204
0.258957907092 0.00114964294531 0.185057445072
0.0920629807402 -0.47223227721 -0.00259291086893
0.971203550019 0.0455887884225 -0.233845321962 -0.00128398694081
0.890629375017 -0.0188274238003 -0.454339870332
-0.0238154745007 0.995839910305 -0.0879514733261
0.454105757048 0.0891524993018 0.886476056958
0.0166995183112
0 0 0

00000001.jpg
E:\japan\research\3dsurface2\3dSurface2\expr4\sfm_images\2.jpg
889.358032227
400 300
-1.21129872123 -0.00870257845831 -0.0373747611471
1.19358240735 -0.00452979526476 -0.209901874085
0.0870167388425 -0.204646005173 0.00471657431877
0.993822047465 0.0434187349178 -0.102112200121 0.00235342869419
0.979134752182 -0.0135449475828 -0.202758317183
-0.00418939028911 0.996218660994 -0.0867816338349
0.203167105999 0.0858203503025 0.975375634931
0.0318587057365
0 0 0

00000002.jpg
E:\japan\research\3dsurface2\3dSurface2\expr4\sfm_images\1.jpg
879.887817383
400 300
-0.766880984201 -0.00196974456598 -0.0981181383682
0.762171927609 0 -0.129735162834
0.0877169384644 -0.295554669443 0.000742218923386
0.988142627263 0.0436849830741 -0.147192788053 0.000369641504514
0.956668487908 -0.0135907475498 -0.290862691846
-0.0121297134401 0.99618305142 -0.0864428069849
0.290927181359 0.0862251688024 0.95285186793
0.0198242688472
0 0 0

00000003.jpg
E:\japan\research\3dsurface2\3dSurface2\expr4\sfm_images\3.jpg
893.905639648
400 300
-1.74635189492 0.0255104368748 0.528322408778
1.74696873998 -0.0179545051706 -0.526591808348
0.0459658824925 0.000418581110572 -0.0182058316777
0.999694439743 0.0229806003074 0.000209269237893 -0.00910198865686
0.999834038867 0.0182080290258 -1.11022302463e-016
-0.0181888007776 0.998778060215 -0.0459509528336
-0.000836821174124 0.0459433605635 0.998943792331
0.048999926107
0 0 0

