# Camera parameter file. 

# The format of each camera is as follows:
# Filename (of the undistorted image in visualize folder)
# Original filename
# Focal Length (of the undistorted image)
# 2-vec Principal Point (image center)
# 3-vec Translation T (as in P = K[R T])
# 3-vec Camera Position C (as in P = K[R -RC])
# 3-vec Axis Angle format of R
# 4-vec Quaternion format of R
# 3x3 Matrix format of R
# [Normalized radial distortion] = [radial distortion] * [focal length]^2
# 3-vec Lat/Lng/Alt from EXIF

# The nubmer of cameras in this reconstruction
7

00000000.jpg
D:\document\project\3dSurface2\code\expr4\sfm_images\0.jpg
933.389526367
400 300
-0.0590781895779 0.00417129241285 -0.0655146375196
0.0831895895494 -1.12757025938e-017 0.0296528789646
0.0825677727957 -0.495902255801 -0.00216746343586
0.968573332159 0.0408505018141 -0.245348218976 -0.00107235506083
0.879606146842 -0.0179678875979 -0.475363109256
-0.022122505656 0.996660163822 -0.0786072155188
0.475187858715 0.0796596111311 0.876270888411
-0.0375834646828
0 0 0

00000001.jpg
D:\document\project\3dSurface2\code\expr4\sfm_images\2.jpg
941.538696289
400 300
-0.943923274464 -0.0166197039873 0.119834911563
0.897783505417 -0.00508101865226 -0.315573386005
0.0787643967607 -0.211167616724 0.00484485857554
0.993654343739 0.0392988611221 -0.105360380888 0.00241730314897
0.977786791018 -0.0130850106106 -0.209193612068
-0.00347715551423 0.99689949347 -0.0786083455534
0.209573588441 0.0775895906783 0.974709534834
-0.0191520392403
0 0 0

00000002.jpg
D:\document\project\3dSurface2\code\expr4\sfm_images\1.jpg
932.892700195
400 300
-0.570386084766 -0.0108936505716 0.0697731258155
0.521582149539 -0.00216817329249 -0.241401188174
0.0795935506967 -0.311005959799 0.00103614189552
0.987145053963 0.0396261002905 -0.154836079633 0.000515849114754
0.952051158964 -0.0132895306668 -0.30565044586
-0.011252659058 0.996858931954 -0.0783931501203
0.305732234878 0.0780736855179 0.948911339333
-0.032204630053
0 0 0

