# Camera parameter file. 

# The format of each camera is as follows:
# Filename (of the undistorted image in visualize folder)
# Original filename
# Focal Length (of the undistorted image)
# 2-vec Principal Point (image center)
# 3-vec Translation T (as in P = K[R T])
# 3-vec Camera Position C (as in P = K[R -RC])
# 3-vec Axis Angle format of R
# 4-vec Quaternion format of R
# 3x3 Matrix format of R
# [Normalized radial distortion] = [radial distortion] * [focal length]^2
# 3-vec Lat/Lng/Alt from EXIF

# The nubmer of cameras in this reconstruction
7

00000000.jpg
E:\japan\research\3dsurface2\3dSurface2\expr4\sfm_images\0.jpg
950.620361328
400 300
0.000841205132546 0.00167444250515 -0.0290585392705
0.013155373282 -5.63785129692e-018 0.0259777980117
0.059002397291 -0.497855038876 -0.00253120788418
0.968745770698 0.0291932077012 -0.246328729379 -0.00125239110427
0.878641204022 -0.0119557522645 -0.477332918934
-0.0168087466066 0.998292292459 -0.0559445865459
0.477186740214 0.0571785994286 0.876939976498
0.000751752754974
0 0 0

00000001.jpg
E:\japan\research\3dsurface2\3dSurface2\expr4\sfm_images\2.jpg
944.493164063
400 300
-0.983362452695 -0.0195236577947 0.121138072038
0.936282341581 -2.60208521397e-018 -0.324704236862
0.0558114457422 -0.210678508055 0.00729788915146
0.994061659092 0.0278504630735 -0.105130657895 0.00364171881993
0.977868499942 -0.0130960646009 -0.208809852516
0.00138430760746 0.998422183922 -0.0561358706084
0.209215572318 0.0546044395086 0.97634364444
0.0101238907332
0 0 0

00000002.jpg
E:\japan\research\3dsurface2\3dSurface2\expr4\sfm_images\1.jpg
945.303649902
400 300
-0.568793080505 -0.0128637092593 0.0985835500089
0.511296897767 0.00114661661083 -0.268298168635
0.0566970888389 -0.310904623383 0.00225692424478
0.987540790742 0.0282307128548 -0.154806169553 0.00112377163615
0.952067609088 -0.0109601167365 -0.305691361901
-0.00652103541584 0.998403477217 -0.0561058933164
0.305818266468 0.0554100286671 0.950476167211
0.00417923123309
0 0 0

00000003.jpg
E:\japan\research\3dsurface2\3dSurface2\expr4\sfm_images\3.jpg
935.490356445
400 300
-1.46748264946 0.0141724081192 0.582923035102
1.46767431296 -0.00550661252281 -0.582587563944
0.0174293687422 0.000111773917404 -0.0128255585185
0.999941427456 0.00871451422335 5.58858675505e-005 -0.00641265405448
0.999917530554 0.0128255294413 0
-0.0128235843548 0.999765921076 -0.0174287290148
-0.000223530376692 0.0174272861535 0.999847981742
0.00491193172405
0 0 0

00000004.jpg
E:\japan\research\3dsurface2\3dSurface2\expr4\sfm_images\4.jpg
920.814331055
400 300
-1.75259023236 -0.100745551031 0.670238502572
1.81800607409 0.011755008901 -0.475034860128
0.0713611735389 0.111421832678 0.0268813774232
0.997722130248 0.0356534907433 0.0556686091748 0.0134304817816
0.993441207401 -0.0228302136213 0.112041351173
0.0307693419521 0.997096919701 -0.0696492406706
-0.110125862162 0.0726398662702 0.991259669646
-0.0284283888199
0 0 0

00000005.jpg
E:\japan\research\3dsurface2\3dSurface2\expr4\sfm_images\5.jpg
903.955566406
400 300
-2.03274889336 -0.134341891573 0.906391657339
2.21194697611 0.00570886450261 -0.28092864713
0.0711194606332 0.294748690725 0.0402421425089
0.988328481638 0.0354212770213 0.146800537193 0.020042729023
0.956095635022 -0.0292178782672 0.291594165737
0.0500173215057 0.996687277092 -0.0641311453378
-0.288754442372 0.0759002824066 0.954389838354
-0.0407305534002
0 0 0

