# Camera parameter file. 

# The format of each camera is as follows:
# Filename (of the undistorted image in visualize folder)
# Original filename
# Focal Length (of the undistorted image)
# 2-vec Principal Point (image center)
# 3-vec Translation T (as in P = K[R T])
# 3-vec Camera Position C (as in P = K[R -RC])
# 3-vec Axis Angle format of R
# 4-vec Quaternion format of R
# 3x3 Matrix format of R
# [Normalized radial distortion] = [radial distortion] * [focal length]^2
# 3-vec Lat/Lng/Alt from EXIF

# The nubmer of cameras in this reconstruction
5

00000000.jpg
E:\japan\research\3dsurface2\3dSurface2\expr2\sfm_images\2.jpg
775.146850586
320 240
-0.0169501539657 0.0145935328116 0.00543634924463
0.0169501523347 -0.0145935311059 -0.00543634936676
0 0 0
1.00000002343 0 0 0
1.00000009601 -1.13831852147e-010 -3.69932365123e-010
-1.13831852147e-010 1.00000011654 5.46104413426e-010
-3.69932365123e-010 5.46104413426e-010 0.999999974915
0.0672018196707
0 0 0

00000001.jpg
E:\japan\research\3dsurface2\3dSurface2\expr2\sfm_images\4.jpg
775.442993164
320 240
-0.976926391888 -0.0247613732045 0.269797400288
1.00256465903 -0.0393553008061 0.145272473453
-0.000553829963243 0.413245875157 0.0638691454708
0.978223039391 -0.000274901925883 0.205120875509 0.0317024217895
0.913840820026 -0.0621368719402 0.401290520361
0.0619112856557 0.997989836718 0.0135434909984
-0.401325344772 0.0124678294085 0.915850602439
0.0616680688716
0 0 0

00000002.jpg
E:\japan\research\3dsurface2\3dSurface2\expr2\sfm_images\3.jpg
784.848815918
320 240
-0.342066204835 0.0106430666737 0.0820676851338
0.34986870813 -0.0159309501484 -0.0345800173546
-0.000978251243449 0.137080334133 0.0154250210113
0.997622225006 -0.000488737883345 0.068485834085 0.00770639666458
0.990500531755 -0.0154430852199 0.136638440186
0.0153092051293 0.99988113571 0.00203070943579
-0.136653520539 8.04063372837e-005 0.990618747836
0.0759578078457
0 0 0

00000003.jpg
E:\japan\research\3dsurface2\3dSurface2\expr2\sfm_images\1.jpg
781.933227539
320 240
0.361795643241 0.0256402166938 -0.0377106025877
-0.344348194751 -0.0261088282723 0.117125074877
-0.0278619783815 -0.225993052276 0.00478777438058
0.993522978422 -0.0139008990775 -0.11275246032 0.00238871653545
0.974562212833 -0.00161176848438 -0.22411072944
0.00788121058324 0.999602150482 0.0270830548793
0.223977911366 -0.0281603957374 0.974187271292
0.118237153202
0 0 0

00000004.jpg
E:\japan\research\3dsurface2\3dSurface2\expr2\sfm_images\0.jpg
776.106384277
320 240
0.958328680327 0.0251787304188 0.0466730125528
-0.835268808805 -0.0553624559686 0.469539325042
-0.0176014607142 -0.561167021272 -0.0286162798045
0.960754771049 -0.00868529739824 -0.276903295071 -0.0141204701456
0.846250325992 0.031942591213 -0.531827144114
-0.0223226450343 0.999450397751 0.0245088930334
0.532317503321 -0.00886887062 0.846498196627
0.195142129833
0 0 0

