# Camera parameter file. 

# The format of each camera is as follows:
# Filename (of the undistorted image in visualize folder)
# Original filename
# Focal Length (of the undistorted image)
# 2-vec Principal Point (image center)
# 3-vec Translation T (as in P = K[R T])
# 3-vec Camera Position C (as in P = K[R -RC])
# 3-vec Axis Angle format of R
# 4-vec Quaternion format of R
# 3x3 Matrix format of R
# [Normalized radial distortion] = [radial distortion] * [focal length]^2
# 3-vec Lat/Lng/Alt from EXIF

# The nubmer of cameras in this reconstruction
3

00000000.jpg
D:\document\project\3dSurface2\code\expr2\sfm_images\1.jpg
788.688110352
320 240
-0.106543018819 -0.0104941422245 0.0871840684239
0.084260853643 0.0125771493813 -0.10864867143
-0.0264829687586 -0.227210678963 0.00544225012687
0.993462685186 -0.0132126172003 -0.113357673466 0.00271519285809
0.974285316731 -0.00239938108883 -0.225304952112
0.00839039006155 0.999636435402 0.0256369078689
0.225161522559 -0.0268680607795 0.973950675291
0.0572902586077
0 0 0

00000001.jpg
D:\document\project\3dSurface2\code\expr2\sfm_images\2.jpg
779.328674316
320 240
-0.902408683944 -0.0423450000283 0.368430167068
0.902408968573 0.0423449847364 -0.368430380323
0 0 0
0.999999986925 0 0 0
0.99999975014 -1.31719302132e-010 1.60538921462e-007
-1.31719302132e-010 1.0000003313 -3.75110777162e-009
1.60538921462e-007 -3.75110777162e-009 0.99999981396
0.0296982644105
0 0 0

00000002.jpg
D:\document\project\3dSurface2\code\expr2\sfm_images\3.jpg
785.315307617
320 240
-1.5752249028 -0.0673698197943 0.639983503422
1.64931237724 0.0435054166231 -0.416327358857
-0.00180072846106 0.138435134807 0.0153676954224
0.997575507881 -0.000899636470858 0.069161619208 0.00767763689749
0.990315204633 -0.0154424859117 0.137974093132
0.0151936041976 0.999880758104 0.00285690717461
-0.138001656497 -0.000732914062682 0.990431612956
0.0281240332421
0 0 0

