# Camera parameter file. 

# The format of each camera is as follows:
# Filename (of the undistorted image in visualize folder)
# Original filename
# Focal Length (of the undistorted image)
# 2-vec Principal Point (image center)
# 3-vec Translation T (as in P = K[R T])
# 3-vec Camera Position C (as in P = K[R -RC])
# 3-vec Axis Angle format of R
# 4-vec Quaternion format of R
# 3x3 Matrix format of R
# [Normalized radial distortion] = [radial distortion] * [focal length]^2
# 3-vec Lat/Lng/Alt from EXIF

# The nubmer of cameras in this reconstruction
5

00000000.jpg
E:\japan\research\3dsurface2\3dSurface2\expr2\sfm_images\1.jpg
799.449951172
320 240
-0.0856925409242 -0.0238847596537 0.100764165594
0.0598526051144 0.0264555058856 -0.117409044073
-0.0274004809718 -0.23711416666 0.00591573039477
0.992882314671 -0.0136677203689 -0.118275665626 0.00295084414383
0.972003982219 -0.00262656355933 -0.234948318439
0.00909280029569 0.99960900152 0.0264428518198
0.234786948186 -0.0278388995249 0.971648179407
0.162680134777
0 0 0

00000001.jpg
E:\japan\research\3dsurface2\3dSurface2\expr2\sfm_images\2.jpg
786.41418457
320 240
-0.921707213965 -0.0517941387494 0.369869822693
0.921707566313 0.0517941428981 -0.369869769152
0 0 0
0.999999936054 0 0 0
0.999999595575 3.29214591699e-009 -5.47309300936e-008
3.29214591699e-009 0.999999884041 3.18243549569e-009
-5.47309300936e-008 3.18243549569e-009 1.00000000882
0.12474113332
0 0 0

00000002.jpg
E:\japan\research\3dsurface2\3dSurface2\expr2\sfm_images\3.jpg
791.429260254
320 240
-1.60422973438 -0.0754454504837 0.643179432496
1.67978009715 0.0506029976726 -0.410736489205
-0.00132551510283 0.14127118591 0.015529251292
0.997475967903 -0.000662199850421 0.0705761541143 0.00775809182463
0.989917371174 -0.0155704897238 0.140785763151
0.0153835508836 0.99987875045 0.00241613351133
-0.140806307393 -0.000225980235649 0.990037104555
0.125245967094
0 0 0

00000003.jpg
E:\japan\research\3dsurface2\3dSurface2\expr2\sfm_images\0.jpg
831.974304199
320 240
1.35397998725 -0.0152427204877 0.188775575451
-1.22333018621 -0.0223672491198 0.609994689409
-0.0217133303556 -0.601075924689 -0.0247500466177
0.955043881417 -0.0106934811122 -0.296020644572 -0.0121890171475
0.824446315523 0.0296130788484 -0.565164853783
-0.0169511061404 0.9994740732 0.0276418902219
0.565685967705 -0.0132090846073 0.824514873003
0.26753293295
0 0 0

00000004.jpg
E:\japan\research\3dsurface2\3dSurface2\expr2\sfm_images\4.jpg
777.150817871
320 240
-2.86535076864 -0.196410464482 1.25806226983
3.13539887905 0.000870732665901 0.0284577867849
-0.00168564096875 0.422193112709 0.0645234663876
0.977284839369 -0.000836429166909 0.209495758636 0.0320170844427
0.910172667621 -0.0629300857753 0.409420528812
0.0622291591314 0.997948334306 0.015049746729
-0.409527586498 0.0117800285529 0.912221627117
0.0985480375993
0 0 0

