# Camera parameter file. 

# The format of each camera is as follows:
# Filename (of the undistorted image in visualize folder)
# Original filename
# Focal Length (of the undistorted image)
# 2-vec Principal Point (image center)
# 3-vec Translation T (as in P = K[R T])
# 3-vec Camera Position C (as in P = K[R -RC])
# 3-vec Axis Angle format of R
# 4-vec Quaternion format of R
# 3x3 Matrix format of R
# [Normalized radial distortion] = [radial distortion] * [focal length]^2
# 3-vec Lat/Lng/Alt from EXIF

# The nubmer of cameras in this reconstruction
5

00000000.jpg
D:\document\project\3dSurface2\code\expr2\sfm_images\2.jpg
800.508728027
320 240
-0.0080584300211 0.0269118655838 0.0998234100326
0.00805842862793 -0.0269118621987 -0.0998233973888
0 0 0
1.00000005168 0 0 0
1.00000016843 1.76777230441e-010 -4.06873023988e-010
1.76777230441e-010 1.00000011888 1.87626548326e-009
-4.06873023988e-010 1.87626548326e-009 1.00000012612
-0.0279248637354
0 0 0

00000001.jpg
D:\document\project\3dSurface2\code\expr2\sfm_images\4.jpg
803.868103027
320 240
-0.983113296107 -0.0133346690358 0.376625188637
1.05008609042 -0.051608903358 0.0564944134005
-0.00109255591377 0.41965466872 0.063093545528
0.977572837263 -0.000542187996608 0.208256365859 0.0313105833921
0.911297960796 -0.0614425926734 0.40713757401
0.0609909106985 0.998038716314 0.0141013186774
-0.407205491794 0.0119812056447 0.913257931505
-0.0223513525623
0 0 0

00000002.jpg
D:\document\project\3dSurface2\code\expr2\sfm_images\3.jpg
807.05682373
320 240
-0.335923206901 0.021805107096 0.169123396182
0.355637491216 -0.0267927658409 -0.12135362218
-0.00154371156294 0.138037044509 0.0150495710151
0.997590576665 -0.000771235772729 0.068963081733 0.00751874107162
0.99037515069 -0.0151076197693 0.137582230115
0.0148948811965 0.999885718122 0.00257578931483
-0.137605451784 -0.000501720842219 0.990486965789
-0.0177761835866
0 0 0

00000003.jpg
D:\document\project\3dSurface2\code\expr2\sfm_images\1.jpg
810.921386719
320 240
0.360156324438 0.0430098937519 0.0640303298731
-0.365795859392 -0.0402661044734 0.0153067376599
-0.0257271731466 -0.220625048134 0.00580128471172
0.993835019192 -0.0128371411046 -0.110085739229 0.00289467910089
0.975745673537 -0.00292729450954 -0.218888443702
0.00858003932961 0.999653747802 0.0248786751882
0.218739807335 -0.0261533263162 0.975432760152
-0.0186648645485
0 0 0

00000004.jpg
D:\document\project\3dSurface2\code\expr2\sfm_images\0.jpg
875.87298584
320 240
0.944819915416 0.0268535887112 0.278038176553
-0.951104687557 -0.0484961448297 0.25250563878
-0.0262767693855 -0.546648547325 -0.0226107880413
0.962730541226 -0.0129747553484 -0.269920211996 -0.0111645932865
0.854036822636 0.0285012888331 -0.51943112266
-0.0144926909159 0.999413960583 0.0310094825546
0.520010604472 -0.0189552904007 0.853949596821
0.0747066787607
0 0 0

