# Camera parameter file. 

# The format of each camera is as follows:
# Filename (of the undistorted image in visualize folder)
# Original filename
# Focal Length (of the undistorted image)
# 2-vec Principal Point (image center)
# 3-vec Translation T (as in P = K[R T])
# 3-vec Camera Position C (as in P = K[R -RC])
# 3-vec Axis Angle format of R
# 4-vec Quaternion format of R
# 3x3 Matrix format of R
# [Normalized radial distortion] = [radial distortion] * [focal length]^2
# 3-vec Lat/Lng/Alt from EXIF

# The nubmer of cameras in this reconstruction
4

00000000.jpg
E:\japan\research\3dsurface2\3dSurface2\expr2\sfm_images\5.jpg
786.495300293
320 240
-0.012556017499 0.00351271880803 0.0440368690167
0.0213621359902 -0.00263978687472 -0.0405700494854
-0.0266236321029 0.208494680213 0.0151289239631
0.994454176168 -0.0132871986123 0.104054556301 0.00755047308011
0.978231223638 -0.0177823835979 0.20675431111
0.0122520143484 0.999532915819 0.027998342301
-0.207155641142 -0.0248556982972 0.977992294535
0.142470177336
0 0 0

00000001.jpg
E:\japan\research\3dsurface2\3dSurface2\expr2\sfm_images\6.jpg
794.708190918
320 240
-0.924713493399 -0.0211494919589 0.257808041767
0.94721922627 -0.0100403221716 0.157105743765
-0.0290295504122 0.436007373169 0.0343500740165
0.976080364442 -0.0143988602226 0.216262709313 0.0170378771761
0.905880328831 -0.0394885441938 0.421688920702
0.0270328052597 0.99900486256 0.0354782047709
-0.422670215786 -0.0207395741636 0.906046320006
0.18593980896
0 0 0

00000002.jpg
E:\japan\research\3dsurface2\3dSurface2\expr2\sfm_images\4.jpg
792.759460449
320 240
0.802115649882 0.00617627672144 0.0687695717707
-0.802115668836 -0.00617627263096 -0.0687695802014
0 0 0
1.00000001036 0 0 0
0.999999977562 4.475745774e-009 -1.42993392682e-008
4.475745774e-009 1.00000006127 1.77404541057e-009
-1.42993392682e-008 1.77404541057e-009 1.00000004403
0.124366081335
0 0 0

00000003.jpg
E:\japan\research\3dsurface2\3dSurface2\expr2\sfm_images\3.jpg
793.482299805
320 240
2.27531178886 -0.0644270391189 0.480956848112
-2.31777044493 -0.049601267056 0.19492053014
-0.0022927012787 -0.292138635032 -0.0494311796032
0.98904585359 -0.00114216181034 -0.145535572104 -0.0246252776615
0.956425983956 0.0490435102493 -0.287826480848
-0.0483786048091 0.99878454385 0.00942700912489
0.287938935708 0.0049084075143 0.957636274209
0.0399369814197
0 0 0

