<?xml version="1.0"?>
<opencv_storage>
<intrinsics type_id="opencv-matrix">
  <rows>3</rows>
  <cols>3</cols>
  <dt>d</dt>
  <data>
    1.4211075953001734e+03 0. 6.6793402527790829e+02 0.
    1.4189637292137543e+03 4.6345293904729175e+02 0. 0. 1.</data></intrinsics>
<intrinsics2 type_id="opencv-matrix">
  <rows>3</rows>
  <cols>3</cols>
  <dt>d</dt>
  <data>
    1.4101298485283955e+03 0. 6.5688215371654451e+02 0.
    1.4069030920517137e+03 4.7445100387307696e+02 0. 0. 1.</data></intrinsics2>
<distorsion type_id="opencv-matrix">
  <rows>1</rows>
  <cols>5</cols>
  <dt>d</dt>
  <data>
    4.6518147252285452e-02 2.2397673630903228e-01 1.1639810344926804e-04
    3.8055618770262401e-03 0.</data></distorsion>
<distorsion2 type_id="opencv-matrix">
  <rows>1</rows>
  <cols>5</cols>
  <dt>d</dt>
  <data>
    -1.1995611264009949e-02 -3.2757776769888274e-02
    1.5897934569228398e-03 3.7855202761564806e-03 0.</data></distorsion2>
<R type_id="opencv-matrix">
  <rows>3</rows>
  <cols>3</cols>
  <dt>d</dt>
  <data>
    9.2876929912550921e-01 -2.8637949568961627e-02
    3.6955034412972210e-01 4.0125510062739754e-02 9.9891979408550957e-01
    -2.3434769603477928e-02 -3.6848002991222661e-01
    3.6593890591856082e-02 9.2891514936900232e-01</data></R>
<T type_id="opencv-matrix">
  <rows>3</rows>
  <cols>1</cols>
  <dt>d</dt>
  <data>
    -2.5753432243599229e+02 -1.6103507912995433e+01
    5.2174408941976196e+01</data></T>
</opencv_storage>
