<?xml version="1.0"?>
<opencv_storage>
<intrinsics type_id="opencv-matrix">
  <rows>3</rows>
  <cols>3</cols>
  <dt>d</dt>
  <data>
    1.4429979007894683e+03 0. 6.5690193041790292e+02 0.
    1.4391456696223165e+03 3.3573155329198022e+02 0. 0. 1.</data></intrinsics>
<intrinsics2 type_id="opencv-matrix">
  <rows>3</rows>
  <cols>3</cols>
  <dt>d</dt>
  <data>
    1.4237468326728542e+03 0. 6.3367469811343369e+02 0.
    1.4226882967454171e+03 3.4808845737512297e+02 0. 0. 1.</data></intrinsics2>
<distorsion type_id="opencv-matrix">
  <rows>1</rows>
  <cols>5</cols>
  <dt>d</dt>
  <data>
    9.6860513113857776e-03 5.5352132857251979e-01 4.7498751926550111e-04
    3.1114638537586012e-04 0.</data></distorsion>
<distorsion2 type_id="opencv-matrix">
  <rows>1</rows>
  <cols>5</cols>
  <dt>d</dt>
  <data>
    -4.7684919504660236e-02 2.6656163827151380e-01
    8.6216428342127973e-04 -1.5097098605804671e-03 0.</data></distorsion2>
<R type_id="opencv-matrix">
  <rows>3</rows>
  <cols>3</cols>
  <dt>d</dt>
  <data>
    9.2063075427218388e-01 -1.4704641921545795e-02
    3.9015738849109216e-01 7.1520466697902074e-02 9.8873305741376993e-01
    -1.3149815215634414e-01 -3.8382787435456556e-01
    1.4896548151561112e-01 9.1130974327353598e-01</data></R>
<T type_id="opencv-matrix">
  <rows>3</rows>
  <cols>1</cols>
  <dt>d</dt>
  <data>
    -2.5663352686695015e+02 3.8842568868497516e+01
    5.9910537973718611e+01</data></T>
</opencv_storage>
