# Camera parameter file. 

# The format of each camera is as follows:
# Filename (of the undistorted image in visualize folder)
# Original filename
# Focal Length (of the undistorted image)
# 2-vec Principal Point (image center)
# 3-vec Translation T (as in P = K[R T])
# 3-vec Camera Position C (as in P = K[R -RC])
# 3-vec Axis Angle format of R
# 4-vec Quaternion format of R
# 3x3 Matrix format of R
# [Normalized radial distortion] = [radial distortion] * [focal length]^2
# 3-vec Lat/Lng/Alt from EXIF

# The nubmer of cameras in this reconstruction
3

00000000.jpg
E:\japan\research\3dsurface2\3dSurface2\expr2\sfm_images\5.jpg
770.713806152
320 240
-0.00412147196083 0.00768686242332 0.0176301295797
0.00412147185919 -0.00768686100441 -0.0176301287305
0 0 0
1.0000000323 0 0 0
1.0000000256 2.68910598453e-010 1.02745646518e-010
2.68910598453e-010 1.00000018461 5.47046004416e-011
1.02745646518e-010 5.47046004416e-011 1.00000004816
0.00432978597914
0 0 0

00000001.jpg
E:\japan\research\3dsurface2\3dSurface2\expr2\sfm_images\6.jpg
765.783569336
320 240
-0.982021823264 -0.0123602670964 0.171953400035
0.996580286505 -0.00445397275523 0.0299223078136
-0.000600807131587 0.203347967244 0.0169801941345
0.994799643639 -0.000299882649837 0.10149767546 0.00847537478188
0.979252860893 -0.0169234760175 0.201934621189
0.0168017232334 0.999856200882 0.00231710806063
-0.201944784324 0.00112381544787 0.979396262162
0.00608658185159
0 0 0

00000002.jpg
E:\japan\research\3dsurface2\3dSurface2\expr2\sfm_images\4.jpg
766.18371582
320 240
0.878644314804 0.0178259554264 -0.0334551203309
-0.856309796286 -0.0276735352583 0.198546122113
0.0279346216286 -0.18899625794 -0.0150526852441
0.995412718106 0.013945946945 -0.0943535882134 -0.00751483061362
0.982081847237 0.0123290156151 -0.188051120896
-0.0175924162537 0.999498205768 -0.0263458430273
0.18763192593 0.029182048793 0.981805864464
0.000726683800687
0 0 0

