# Camera parameter file. 

# The format of each camera is as follows:
# Filename (of the undistorted image in visualize folder)
# Original filename
# Focal Length (of the undistorted image)
# 2-vec Principal Point (image center)
# 3-vec Translation T (as in P = K[R T])
# 3-vec Camera Position C (as in P = K[R -RC])
# 3-vec Axis Angle format of R
# 4-vec Quaternion format of R
# 3x3 Matrix format of R
# [Normalized radial distortion] = [radial distortion] * [focal length]^2
# 3-vec Lat/Lng/Alt from EXIF

# The nubmer of cameras in this reconstruction
4

00000000.jpg
D:\document\project\3dSurface2\code\expr2\sfm_images\5.jpg
806.803344727
320 240
-0.00352296690051 0.0102715545324 0.156281507265
0.0363227728146 -0.00652983595839 -0.152249258535
-0.0261323034342 0.212632305107 0.0152581008693
0.994239504042 -0.0130410528974 0.106111929458 0.00761439576315
0.977364380841 -0.0179086876736 0.210802722872
0.0123734445949 0.999543877269 0.0275478175587
-0.211199965598 -0.0243159023009 0.977140507482
0.148113437497
0 0 0

00000001.jpg
D:\document\project\3dSurface2\code\expr2\sfm_images\6.jpg
813.440307617
320 240
-0.927681850383 -0.0145803369191 0.364815094526
0.994448132849 -0.0148168584605 0.0689175263001
-0.0285886773627 0.443799954116 0.0344803045433
0.975232375639 -0.0141761303942 0.220064955741 0.0170975833208
0.902558180541 -0.0395875724621 0.428744197371
0.0271088947363 0.999013435026 0.0351752008832
-0.429713680956 -0.0201248844037 0.902741130412
0.183731021434
0 0 0

00000002.jpg
D:\document\project\3dSurface2\code\expr2\sfm_images\4.jpg
816.713562012
320 240
0.825073894686 0.0104586055193 0.200098757529
-0.825074059095 -0.0104586035619 -0.200098770917
0 0 0
0.999999991189 0 0 0
0.99999981232 1.80068462918e-009 -4.786451549e-008
1.80068462918e-009 0.9999999869 3.04230846071e-009
-4.786451549e-008 3.04230846071e-009 1.0000001303
0.137535558257
0 0 0

00000003.jpg
D:\document\project\3dSurface2\code\expr2\sfm_images\3.jpg
859.397155762
320 240
2.33182366057 -0.0848282792475 0.872729337317
-2.48733831067 -0.0328245272681 -0.135374871605
-0.00705274346571 -0.303515547923 -0.0499166335498
0.988190427133 -0.00351247912495 -0.151159904136 -0.0248599901845
0.953065202455 0.0501947022747 -0.298574964187
-0.0480709150011 0.99873927903 0.0144576651663
0.298924116749 0.000573672179219 0.954276799628
0.0524008484432
0 0 0

