# Camera parameter file. 

# The format of each camera is as follows:
# Filename (of the undistorted image in visualize folder)
# Original filename
# Focal Length (of the undistorted image)
# 2-vec Principal Point (image center)
# 3-vec Translation T (as in P = K[R T])
# 3-vec Camera Position C (as in P = K[R -RC])
# 3-vec Axis Angle format of R
# 4-vec Quaternion format of R
# 3x3 Matrix format of R
# [Normalized radial distortion] = [radial distortion] * [focal length]^2
# 3-vec Lat/Lng/Alt from EXIF

# The nubmer of cameras in this reconstruction
5

00000000.jpg
E:\japan\research\3dsurface2\3dSurface2\expr5\sfm_images\0.jpg
970.026794434
400 300
-0.00991974915648 0.000112647604378 0.0365217916001
-0.00416909317243 -0.00024445748978 -0.0376140126812
0.00336612194061 -0.375593655882 0.00190637689693
0.982416101542 0.00167318443297 -0.186694798713 0.000947594948609
0.93028831892 -0.00248661500709 -0.366820739935
0.00123711513393 0.999992639127 -0.00364134864846
0.366827165383 0.00293370466274 0.930284628229
-0.0514048052318
0 0 0

00000001.jpg
E:\japan\research\3dsurface2\3dSurface2\expr5\sfm_images\3.jpg
978.369445801
400 300
-0.95255394747 -0.011835686537 0.316061380574
0.952553880393 0.0118356852698 -0.316061402579
0 0 0
1.0000000417 0 0 0
1.00000009205 -1.597337939e-010 6.51739605062e-008
-1.597337939e-010 1.00000011479 -1.92093244089e-010
6.51739605062e-008 -1.92093244089e-010 1.00000012679
-0.0455219012932
0 0 0

00000002.jpg
E:\japan\research\3dsurface2\3dSurface2\expr5\sfm_images\2.jpg
975.934570313
400 300
-0.500704236987 -0.0058942764525 0.12851370811
0.468584578053 0.00323744131338 -0.218342055616
0.0016393534709 -0.184805323033 0.00487977029561
0.995730641138 0.000818509905052 -0.0922711240097 0.00243641191009
0.982960236856 -0.00500306994094 -0.183750337007
0.00470097003228 0.999986914273 -0.00207965177891
0.183758404867 0.00118040979123 0.982970887674
-0.0390326688702
0 0 0

00000003.jpg
E:\japan\research\3dsurface2\3dSurface2\expr5\sfm_images\4.jpg
982.778503418
400 300
-1.26000445891 -0.00936295162019 0.377951847808
1.28987982319 0.0110703155837 -0.258136514974
-0.00446722942895 0.093872113262 -0.000223799690655
0.998896211317 -0.0022327928411 0.0469187861972 -0.000111858671036
0.995597101814 1.39511716181e-005 0.093734546567
-0.000432989639185 0.999990022979 0.00445016047255
-0.0937334445208 -0.00447115276598 0.995587439139
-0.0460993728329
0 0 0

00000004.jpg
E:\japan\research\3dsurface2\3dSurface2\expr5\sfm_images\5.jpg
988.921447754
400 300
-1.47933498034 -0.0183310916892 0.659798767675
1.60742651732 0.0124133007758 -0.200321323828
-0.00885970112294 0.295448529454 0.00627507224834
0.989093941491 -0.00441373475237 0.147186843426 0.00312612175871
0.9566524773 -0.00748334395603 0.29113568847
0.00488476841159 0.999941570291 0.00965144408881
-0.29119077193 -0.00781094912284 0.956633252785
-0.048570382555
0 0 0

