# Camera parameter file. 

# The format of each camera is as follows:
# Filename (of the undistorted image in visualize folder)
# Original filename
# Focal Length (of the undistorted image)
# 2-vec Principal Point (image center)
# 3-vec Translation T (as in P = K[R T])
# 3-vec Camera Position C (as in P = K[R -RC])
# 3-vec Axis Angle format of R
# 4-vec Quaternion format of R
# 3x3 Matrix format of R
# [Normalized radial distortion] = [radial distortion] * [focal length]^2
# 3-vec Lat/Lng/Alt from EXIF

# The nubmer of cameras in this reconstruction
4

00000000.jpg
E:\japan\research\3dsurface2\3dSurface2\expr6\sfm_images\4.jpg
792.950012207
336.415985107 223.339996338
-0.0287967125406 0.0370851153441 0.0993675927428
0.0525765498997 -0.0349049444169 -0.0899768125904
-0.0163342035162 0.244101418333 -0.0153083966412
0.992498559788 -0.00814666985184 0.121745370905 -0.00763504956166
0.97023950166 0.0131719112982 0.241788607254
-0.0171391914773 0.99975070712 0.014312053164
-0.241539813883 -0.0180301792161 0.970223355946
0
0 0 0

00000001.jpg
E:\japan\research\3dsurface2\3dSurface2\expr6\sfm_images\5.jpg
792.950012207
336.415985107 223.339996338
-1.01900004276 0.0458982822322 -0.0338228503748
0.886944907752 0.000979425617047 0.504915386112
-0.000308505231346 0.484540692872 -0.0483023969311
0.970507024619 -0.000152733156692 0.239883872455 -0.0239132980886
0.883767734221 0.0463427739264 0.465625267964
-0.0464893211807 0.998856395475 -0.0111763698292
-0.465610665276 -0.011769284235 0.884911409642
0
0 0 0

00000002.jpg
E:\japan\research\3dsurface2\3dSurface2\expr6\sfm_images\3.jpg
792.950012207
336.415985107 223.339996338
1.15782076208 0.070193242973 0.373877667702
-1.15782082722 -0.0701932449795 -0.373877699051
0 0 0
0.999999984488 0 0 0
0.999999944428 -2.71984756939e-009 -1.61857555137e-009
-2.71984756939e-009 1.00000001052 1.08181524849e-009
-1.61857555137e-009 1.08181524849e-009 0.999999920961
0
0 0 0

00000003.jpg
E:\japan\research\3dsurface2\3dSurface2\expr6\sfm_images\2.jpg
792.950012207
336.415985107 223.339996338
2.93010131161 0.0527838323937 0.611317028538
-2.9787097644 -0.0794189688128 0.288045262842
0.0386017211162 -0.301206183151 -0.00683407042768
0.988489390761 0.019226748686 -0.150024802487 -0.00340391440631
0.954961887493 0.000960487904068 -0.296726739773
-0.0124984452067 0.999237530323 -0.0369895300774
0.296464962666 0.0390322183025 0.954245684771
0
0 0 0

