# Camera parameter file. 

# The format of each camera is as follows:
# Filename (of the undistorted image in visualize folder)
# Original filename
# Focal Length (of the undistorted image)
# 2-vec Principal Point (image center)
# 3-vec Translation T (as in P = K[R T])
# 3-vec Camera Position C (as in P = K[R -RC])
# 3-vec Axis Angle format of R
# 4-vec Quaternion format of R
# 3x3 Matrix format of R
# [Normalized radial distortion] = [radial distortion] * [focal length]^2
# 3-vec Lat/Lng/Alt from EXIF

# The nubmer of cameras in this reconstruction
5

00000000.jpg
D:\document\project\3dSurface2\code\expr6\sfm_images\2.jpg
954.492675781
400 300
0.0112380539653 -0.00994321560692 -0.0155765782108
-0.0112380554264 0.00994321542258 0.0155765751227
0 0 0
1.00000000446 0 0 0
0.999999845179 -2.25851119206e-008 -3.47813007995e-009
-2.25851119206e-008 0.999999994246 -7.87104491827e-010
-3.47813007995e-009 -7.87104491827e-010 1.00000019624
-0.0538999932374
0 0 0

00000001.jpg
D:\document\project\3dSurface2\code\expr6\sfm_images\3.jpg
955.263671875
400 300
-0.998151648099 -0.0236560770398 0.040610864516
0.987659404983 0.0301037734605 0.148789423175
0.00436102020442 0.19029475674 -0.00623655746632
0.995469673639 0.00217721629917 0.0950036520357 -0.00311356836931
0.981929189436 0.00661261125861 0.189132963712
-0.00578524029517 0.999971141923 -0.00492629570344
-0.189160054234 0.00374311549167 0.98193915318
-0.0488363346165
0 0 0

00000002.jpg
D:\document\project\3dSurface2\code\expr6\sfm_images\4.jpg
962.35723877
400 300
-1.69609260128 -0.0345360557487 0.293740553151
1.7045884739 0.0405621534332 0.238619969232
0.000155447879991 0.310573008668 -0.00351802451453
0.987965708492 7.74119049522e-005 0.154663082116 -0.0017519504245
0.952152478163 0.00348566776066 0.305603406318
-0.00343780000889 0.999993807254 -0.000694879909518
-0.305603879681 -0.00038895867943 0.952158679208
-0.0522704885539
0 0 0

00000003.jpg
D:\document\project\3dSurface2\code\expr6\sfm_images\1.jpg
957.458496094
400 300
0.727157085017 -0.0030104688315 0.0525979995891
-0.728036723261 0.00111597500584 0.038656688928
0.0020622945798 -0.125261006959 -0.00258057979439
0.998037992037 0.00103047282858 -0.0625895376036 -0.00128944593375
0.992161758992 0.00244481490369 -0.124936137627
-0.00270284921854 0.999994457775 -0.00189549286104
0.124930808103 0.00221831126972 0.99216311743
-0.0568584882267
0 0 0

00000004.jpg
D:\document\project\3dSurface2\code\expr6\sfm_images\0.jpg
954.177734375
400 300
1.3718817307 -0.00281280559069 0.207913806572
-1.37804477816 -0.00511549327353 0.16205669751
0.00341652325373 -0.267466816427 -0.00567476443822
0.991065533759 0.00170317112154 -0.133334891606 -0.00282892700998
0.96442750411 0.00515310555494 -0.264296907989
-0.00606150267349 0.999978138227 -0.0026215212519
0.264277554085 0.00413029553469 0.964437926479
-0.0625103111722
0 0 0

