# Camera parameter file. 

# The format of each camera is as follows:
# Filename (of the undistorted image in visualize folder)
# Original filename
# Focal Length (of the undistorted image)
# 2-vec Principal Point (image center)
# 3-vec Translation T (as in P = K[R T])
# 3-vec Camera Position C (as in P = K[R -RC])
# 3-vec Axis Angle format of R
# 4-vec Quaternion format of R
# 3x3 Matrix format of R
# [Normalized radial distortion] = [radial distortion] * [focal length]^2
# 3-vec Lat/Lng/Alt from EXIF

# The nubmer of cameras in this reconstruction
6

00000000.jpg
E:\japan\research\3dsurface2\3dSurface2\expr7\sfm_images\3.jpg
1088.03479004
400 300
0.146433088276 -0.010161652711 1.35420122901
0.13876162256 -1.38777878078e-017 -1.35504681713
0.00747865713795 0.209754406132 0.00168167607941
0.994498133236 0.00373246828778 0.104684792292 0.000839295413728
0.97808094647 -0.000887890144285 0.20822394019
0.00245082074446 0.999970817706 -0.0072481428123
-0.208211381861 0.00759958816595 0.978054383861
-0.107962136909
0 0 0

00000001.jpg
E:\japan\research\3dsurface2\3dSurface2\expr7\sfm_images\4.jpg
1068.64404297
400 300
-1.09713516808 -0.0182742790715 1.31347569409
1.46893787962 0.00881975835535 -0.878294873337
0.00394566945943 0.336023710371 0.0039292460671
0.985915323474 0.00196356375704 0.167222314483 0.00195539065022
0.944065711081 -0.00319899600633 0.329741764634
0.0045124024154 0.999984756805 -0.00321784449302
-0.329726404467 0.00452578589372 0.944065632359
-0.133850787634
0 0 0

00000002.jpg
E:\japan\research\3dsurface2\3dSurface2\expr7\sfm_images\2.jpg
1082.48730469
400 300
1.99615772663 0.0319954502575 1.61374732142
-1.99640085942 -0.0202381585954 -1.61363689338
0.00320240604261 -1.36025417059e-005 0.0084782265216
0.999989709511 0.00160119752891 -6.80124752349e-006 0.00423909871994
0.999964159985 -0.00847813105847 2.77555756156e-017
0.00847808933169 0.999958903259 -0.00320241899826
2.72047101413e-005 0.00320230520896 0.999994613265
-0.123247715251
0 0 0

00000003.jpg
E:\japan\research\3dsurface2\3dSurface2\expr7\sfm_images\1.jpg
1060.99987793
400 300
3.20574258306 0.0256989602655 1.77618576255
-3.41280642351 -0.0104074569135 -1.3360097379
0.00345393423065 -0.132797848641 0.00623810908414
0.997790103491 0.00172569478827 -0.0663500055272 0.00311675660748
0.991176066924 -0.00644873719117 -0.132396003565
0.00599073840057 0.999974745671 -0.0038573553497
0.132417511961 0.00303016937584 0.991189549907
-0.162761343459
0 0 0

00000004.jpg
E:\japan\research\3dsurface2\3dSurface2\expr7\sfm_images\0.jpg
1043.95251465
400 300
4.18797985295 0.00843403214713 2.20272324769
-4.62951866708 -1.38777878078e-017 -0.979181928366
0.00323353837947 -0.275761236924 0.00306774275284
0.99050701394 0.00161164995553 -0.137444042121 0.00152901462454
0.962213480521 -0.00347202253785 -0.27227362874
0.00258597630222 0.999990079846 -0.00361300930311
0.27228352224 0.00277239303678 0.962213018288
-0.193020520537
0 0 0

00000005.jpg
E:\japan\research\3dsurface2\3dSurface2\expr7\sfm_images\5.jpg
1026.27514648
400 300
-2.32211831236 -0.0190422405476 1.27032272128
2.64681630308 -1.38777878078e-017 -0.0260765363326
-0.00321253716907 0.490704572063 0.00834820217699
0.970041904354 -0.00159019606892 0.242897261706 0.00413233453366
0.881967630627 -0.00878958389626 0.471227889172
0.00724456674559 0.999960751605 0.00509257907987
-0.471254200061 -0.0010776482121 0.881996802583
-0.175145600219
0 0 0

